224:0,35;0,130;0,206;0,59;1,68;0,228;1,75;0,110;1,48;0,134;0,236;1,29;0,44;0,161;0,98;1,137;0,184;1,25;1,27;0,107;0,108;0,108;1,235;1,130;
54:1,97;0,221;0,205;0,247;1,212;0,30;0,47;0,103;1,160;0,232;1,30;0,87;0,62;1,218;0,192;0,248;1,199;0,36;0,18;1,181;1,2;1,35;1,118;0,214;1,198;0,222;0,169;1,32;
169:1,47;0,210;1,3;1,150;1,209;0,26;1,41;0,53;0,116;1,156;1,145;1,193;0,135;0,77;0,192;1,26;0,236;0,22;
215:1,183;0,62;0,135;0,51;1,15;1,187;0,102;1,116;0,234;0,93;1,213;1,134;0,95;1,109;0,47;0,71;1,10;0,48;0,6;0,94;1,63;1,150;1,107;0,111;0,76;
76:1,48;0,245;0,224;1,209;1,121;0,141;1,159;1,114;1,233;1,136;0,129;1,177;1,76;1,76;1,31;0,72;1,227;0,189;0,203;0,56;1,20;0,253;1,43;0,68;1,107;1,137;
136:0,76;1,221;1,77;0,198;1,240;0,151;0,69;0,189;0,59;1,210;0,179;1,226;0,177;1,23;0,31;1,138;1,209;0,79;1,212;0,225;1,9;0,16;1,98;1,141;1,185;0,131;1,167;
55:1,229;0,49;1,113;0,206;1,223;1,218;0,104;1,226;0,233;0,87;1,67;0,95;0,114;0,241;0,4;1,223;1,80;1,123;0,247;0,46;1,62;
91:1,235;0,27;1,244;1,58;0,138;0,40;1,217;1,51;1,207;1,66;1,248;1,215;0,224;0,246;1,122;1,135;0,251;1,248;1,145;0,170;0,4;0,24;1,253;0,240;0,159;0,196;
114:1,125;0,119;0,114;0,57;1,64;0,25;1,147;1,30;1,124;0,42;1,245;0,193;0,153;0,34;1,106;1,249;1,193;0,96;1,107;1,214;1,114;0,59;0,30;0,51;1,21;1,122;1,210;
6:0,25;0,47;1,134;0,136;1,193;1,145;1,78;0,118;1,224;0,82;0,48;1,68;1,8;0,59;0,203;1,140;0,35;0,76;0,91;0,148;1,130;0,124;1,180;0,4;1,109;0,152;1,243;
78:0,211;1,234;0,110;1,67;0,240;0,218;0,47;0,76;0,155;1,103;0,178;0,96;0,23;1,9;1,169;0,163;0,136;1,124;
102:1,100;1,1;1,149;1,26;1,205;0,129;0,119;1,85;0,242;1,4;1,81;1,192;0,178;0,231;1,186;0,133;1,93;0,124;1,178;0,114;0,141;0,206;1,83;1,94;0,75;0,36;0,198;
113:1,247;0,87;0,255;1,192;0,4;1,204;0,191;0,187;1,139;1,111;0,87;0,15;0,19;1,255;1,202;1,73;1,201;0,7;0,154;0,19;1,85;0,164;1,77;1,98;1,113;1,29;
9:1,41;1,109;1,82;0,219;0,105;0,239;0,98;0,242;1,9;1,79;0,111;1,62;0,20;1,164;0,97;1,254;1,240;0,16;0,134;1,71;
199:1,223;1,94;0,161;1,43;0,150;0,67;1,78;1,118;1,175;0,156;1,236;1,118;0,181;1,143;1,206;1,230;1,20;1,180;1,206;1,239;1,174;0,127;1,93;1,125;1,51;
122:0,122;0,67;0,44;0,157;1,2;0,123;0,191;1,50;1,20;0,140;0,156;1,205;0,241;0,219;1,123;0,148;0,215;1,50;1,34;0,44;1,144;1,163;0,91;1,73;0,50;1,183;0,228;0,58;
110:0,46;0,45;1,191;0,72;0,74;0,134;1,116;1,20;1,56;1,62;1,80;1,254;1,21;1,88;1,78;0,3;0,109;0,229;0,159;1,197;1,103;1,41;0,105;0,3;
93:1,19;0,242;0,88;1,135;1,159;1,18;0,91;0,79;1,63;1,190;0,20;1,76;1,214;1,228;1,254;1,77;1,81;1,109;1,231;1,136;1,31;0,98;0,168;1,198;1,82;
98:0,235;0,189;0,76;1,251;0,26;1,254;0,184;0,91;1,8;0,109;0,130;0,234;0,137;0,114;0,11;1,133;1,39;0,168;0,90;1,74;
15:0,231;1,99;1,237;0,32;0,236;0,241;0,94;1,9;1,118;0,226;0,230;1,87;1,135;0,196;0,204;1,239;0,12;1,95;0,208;0,226;0,214;0,185;1,158;0,110;0,172;
63:0,63;1,136;1,218;0,71;1,239;1,141;0,203;1,151;1,220;1,154;0,129;1,51;1,21;0,56;0,45;0,144;0,15;1,89;1,88;1,205;0,214;1,104;0,197;0,157;1,179;0,206;1,43;0,39;
111:1,95;1,33;1,163;1,123;0,100;1,171;0,154;0,135;0,102;0,107;1,202;1,72;1,193;0,31;0,132;1,158;1,172;0,19;1,22;
134:0,71;0,131;0,205;0,198;1,209;0,148;0,196;0,199;0,48;1,229;1,76;1,233;0,53;1,105;0,134;1,181;0,133;1,139;0,163;1,45;0,173;1,40;0,39;0,212;0,72;0,25;1,9;1,58;
156:0,7;0,109;1,123;1,246;0,169;1,66;1,42;1,28;0,80;1,179;1,168;1,114;1,29;1,170;1,43;1,144;0,68;1,189;1,26;
25:1,41;0,21;1,206;1,24;0,97;1,163;0,43;1,45;1,170;0,83;0,40;0,129;0,118;0,25;0,18;0,239;1,149;0,245;1,162;0,143;0,97;1,198;1,27;1,174;1,75;0,129;0,241;
211:1,148;0,227;0,220;0,179;1,109;0,231;1,164;0,24;1,166;0,188;1,243;0,200;1,198;0,91;0,241;1,214;1,61;0,215;1,16;0,140;0,58;0,167;0,118;
167:0,195;1,170;1,53;1,112;1,168;1,144;1,165;1,28;0,147;0,124;0,74;0,244;0,56;1,225;0,10;0,226;1,51;1,221;0,167;
118:0,6;1,40;0,210;0,18;0,19;1,39;1,183;0,58;0,21;0,31;1,106;0,165;1,150;0,203;0,234;1,87;1,251;1,130;1,36;0,78;0,5;1,178;0,177;1,49;0,39;0,105;
220:1,114;1,251;1,230;1,230;0,91;1,8;1,62;1,107;1,126;0,43;0,126;1,195;1,36;0,158;0,144;1,211;0,168;1,225;1,132;
232:0,25;0,54;1,136;1,114;0,220;1,165;1,80;0,14;0,220;0,107;0,186;1,131;1,159;1,26;1,56;1,210;0,27;1,56;0,135;1,201;1,214;0,19;
178:1,55;0,38;1,135;1,230;1,92;0,4;1,210;0,227;0,54;1,23;1,168;1,212;0,67;0,63;1,109;1,80;1,213;1,202;1,244;1,89;1,1;0,42;1,68;0,235;1,85;
229:0,4;0,255;0,206;0,217;1,180;1,181;1,40;0,96;1,87;1,157;0,61;1,18;0,116;0,176;0,205;0,199;1,131;1,3;1,190;1,142;0,227;0,28;1,167;1,17;
239:1,25;1,110;0,1;0,174;1,53;1,235;0,128;0,101;1,146;0,200;0,61;0,131;1,33;0,1;0,100;1,126;1,89;1,17;1,65;0,124;0,187;1,240;1,20;
205:1,187;1,97;0,108;1,64;1,73;1,156;1,134;0,48;1,109;1,35;1,162;0,25;0,156;1,142;0,14;1,132;0,229;0,64;1,206;0,124;0,230;0,177;0,251;1,26;0,226;0,67;
61:0,126;1,155;1,251;1,113;0,129;0,83;0,98;0,112;0,7;0,125;0,26;0,75;0,38;0,13;0,102;1,66;1,93;0,2;0,161;1,58;1,145;1,215;
37:0,57;1,178;0,44;1,59;0,231;0,109;0,188;1,9;1,197;0,133;1,148;1,189;1,143;0,43;0,25;0,114;0,247;1,202;0,163;1,42;0,10;1,188;0,42;0,175;1,212;
41:1,151;1,26;1,92;1,170;1,103;1,145;0,236;1,210;1,225;1,85;1,247;0,123;0,43;0,133;0,57;0,8;1,217;0,135;1,64;1,108;0,155;1,75;0,249;0,18;0,212;1,42;1,164;0,135;
77:1,215;0,5;0,86;0,32;0,102;0,225;1,181;0,107;1,234;1,35;1,63;1,172;1,176;1,32;1,121;0,200;1,1;0,35;1,78;1,34;0,23;1,101;
5:0,80;1,230;1,112;0,195;1,82;0,212;1,13;1,209;0,178;0,83;0,74;0,24;0,63;1,31;0,60;1,217;0,27;0,17;1,131;1,42;0,56;0,182;1,129;1,27;1,114;0,43;1,217;0,41;
153:1,151;1,207;0,255;1,173;0,20;1,58;1,105;0,71;1,144;1,152;1,192;0,1;0,83;1,53;0,133;0,26;1,180;0,195;1,3;0,225;1,226;0,115;0,241;0,80;1,88;1,203;0,156;0,249;
73:1,28;0,169;1,14;1,206;1,82;0,167;0,183;1,81;0,173;1,45;1,235;0,132;1,211;1,219;1,254;1,22;1,203;0,238;0,203;
125:0,227;0,228;0,122;1,239;0,75;1,243;0,126;1,63;1,131;0,235;0,106;0,166;1,7;1,127;0,165;0,93;1,79;1,92;
161:0,127;0,253;0,74;1,151;1,63;1,10;1,202;1,182;1,8;0,214;1,123;1,132;0,47;0,206;0,173;1,215;1,198;1,11;1,239;0,15;1,193;1,206;1,209;0,204;
59:0,1;1,209;0,141;0,10;0,137;0,98;1,2;1,204;0,120;1,61;1,73;0,132;1,36;1,197;1,13;1,178;0,69;0,176;1,253;0,107;0,31;1,100;0,85;
141:0,207;1,73;1,128;1,98;0,186;1,72;0,191;0,28;0,139;1,109;0,94;0,217;1,98;0,11;1,190;0,223;1,133;1,104;1,104;0,44;1,242;1,29;1,125;
108:0,54;1,4;0,146;0,111;0,182;1,137;0,210;0,245;0,133;1,147;0,67;1,10;1,240;1,134;1,45;1,128;1,47;1,17;
206:1,19;1,76;0,17;0,199;0,120;1,104;1,216;1,186;1,228;1,228;1,53;1,151;0,39;1,173;0,121;1,241;0,249;0,245;0,31;0,223;0,75;1,5;1,42;0,94;0,177;1,121;0,175;0,146;
52:1,49;1,49;1,109;0,144;1,211;0,252;0,18;0,167;1,217;0,249;0,251;1,155;1,67;1,7;0,206;0,149;1,33;1,177;0,144;1,117;
230:1,126;1,181;0,98;1,47;1,205;0,124;1,143;1,109;0,107;1,186;0,89;0,227;1,86;1,251;0,133;0,68;1,132;0,209;1,1;0,188;0,169;
154:0,8;0,40;0,63;1,98;1,17;1,105;0,92;1,177;1,86;1,224;1,114;0,245;1,79;0,12;1,75;0,56;0,26;1,121;0,222;1,19;0,190;1,175;0,134;1,63;
28:0,230;1,58;0,221;0,9;1,131;1,178;1,46;0,164;0,76;0,226;1,17;0,44;1,102;0,126;1,35;1,37;0,189;0,175;1,225;0,238;0,132;0,35;1,191;0,40;
35:1,12;0,83;0,165;1,65;0,244;0,67;0,200;0,98;1,92;0,15;0,214;1,249;0,177;0,84;1,140;1,169;0,207;0,14;0,6;0,11;0,181;0,93;1,60;1,60;0,76;
86:1,248;0,217;0,229;1,108;1,171;1,121;0,151;0,201;1,170;1,187;1,39;0,183;1,124;1,208;1,188;1,37;0,71;0,81;0,213;1,213;0,10;0,157;0,10;1,206;1,167;1,152;
146:1,242;0,180;0,133;1,146;0,201;1,74;0,76;1,118;0,77;1,216;1,171;0,140;1,29;0,219;1,140;1,166;0,162;0,90;1,182;1,195;1,204;1,137;1,64;0,185;0,115;0,17;1,35;
123:1,107;1,150;1,7;0,176;0,182;0,199;0,255;0,205;0,71;1,149;1,236;0,115;0,131;0,205;1,144;0,134;0,21;0,191;1,101;0,27;1,127;1,57;0,114;
142:0,124;1,165;0,194;0,86;0,7;0,55;1,121;0,79;0,2;1,223;1,157;0,188;1,237;0,241;0,66;1,22;1,61;0,82;1,189;1,254;1,158;1,204;1,82;0,141;1,140;0,47;
225:1,197;0,19;0,44;0,144;0,136;1,11;0,139;0,140;1,49;1,64;1,57;1,214;0,140;1,67;0,137;1,80;0,162;0,155;0,31;1,155;0,141;1,138;
185:0,143;1,6;1,49;0,8;1,184;1,53;1,5;1,192;0,76;1,53;1,166;1,86;0,204;1,45;0,155;1,152;1,184;1,172;
121:0,21;0,131;1,80;1,210;1,50;1,222;0,26;1,243;1,1;1,206;0,221;0,56;1,238;1,220;1,169;0,106;1,11;0,15;1,11;
183:0,139;1,132;0,243;0,113;0,240;1,131;1,170;0,181;0,34;1,164;0,238;1,244;1,40;0,217;1,32;1,115;0,26;0,171;1,12;
56:1,75;0,57;1,236;1,241;1,156;1,56;1,174;0,172;1,135;0,228;0,11;0,106;0,91;0,90;1,46;0,217;1,117;0,137;0,153;0,240;0,5;1,78;0,121;1,227;0,32;
140:0,163;1,177;1,198;0,248;0,80;1,238;1,49;1,200;1,179;0,202;0,101;1,46;1,109;1,227;0,91;0,8;1,239;1,48;0,97;0,193;1,217;0,132;0,76;0,106;1,174;1,35;
8:1,153;1,157;0,63;1,119;1,184;1,218;0,188;0,135;1,148;0,220;0,174;1,39;0,108;1,114;1,182;1,240;0,161;1,243;1,201;0,157;1,54;1,253;0,244;1,152;
64:0,228;0,54;0,13;1,83;1,216;1,112;0,64;0,116;0,111;1,39;0,169;0,170;0,27;0,138;1,107;1,121;0,148;1,99;1,69;1,234;1,5;
187:1,41;0,189;0,194;1,154;1,54;0,167;0,141;0,25;0,160;1,167;1,102;0,24;0,243;1,135;0,73;0,24;1,148;1,244;
1:0,35;0,149;0,255;0,123;0,59;0,254;0,121;1,174;1,136;0,216;1,144;1,192;1,169;1,173;0,22;1,3;0,254;1,108;0,41;0,23;0,130;1,47;0,4;0,146;1,1;
217:0,223;1,206;1,206;0,188;0,156;0,94;1,177;1,99;1,46;0,50;0,50;0,163;1,217;1,144;0,235;1,188;1,103;0,14;1,74;0,230;0,127;
212:0,81;0,206;1,86;0,21;0,141;1,39;1,211;1,194;1,173;1,26;1,194;1,121;1,166;0,5;1,50;1,30;0,28;0,168;0,225;1,120;0,246;0,59;1,81;1,125;0,43;
85:0,189;1,33;0,113;0,206;0,89;1,76;1,67;1,37;1,4;0,22;0,131;1,50;0,101;1,192;0,19;0,125;1,127;1,17;0,188;0,173;1,102;1,19;
191:1,196;1,66;1,192;1,71;0,9;1,98;0,32;1,232;1,156;1,198;0,79;0,196;0,74;1,119;1,10;1,111;0,214;1,216;1,156;0,220;1,246;0,52;
254:0,150;0,93;1,86;0,188;1,193;1,50;0,65;1,101;0,1;0,78;0,107;1,14;0,91;0,159;0,98;0,57;0,74;1,76;1,45;1,128;1,147;0,193;0,218;1,232;0,58;0,49;
137:0,136;1,55;1,9;0,60;1,88;1,103;0,125;0,16;0,204;0,146;1,67;0,140;1,3;1,176;1,154;0,38;1,228;0,144;1,98;0,192;1,57;0,157;1,22;0,154;0,159;
26:1,213;0,42;1,63;0,186;1,37;1,118;1,122;0,158;0,78;1,216;0,173;0,228;1,7;0,26;0,54;0,238;1,37;0,128;1,75;0,115;0,29;0,32;1,11;0,96;0,223;1,93;1,119;
10:0,88;1,10;0,2;1,10;1,168;0,99;0,169;1,59;1,107;1,108;1,77;0,113;0,133;0,113;0,77;1,98;0,31;1,182;0,47;0,88;0,3;0,13;
190:1,121;1,251;1,17;1,33;0,158;0,186;0,214;0,179;1,44;1,161;1,200;0,229;0,201;1,19;1,180;0,9;0,33;1,22;1,99;1,36;1,144;0,77;1,80;0,240;0,23;1,106;
242:0,63;0,181;1,23;1,210;1,186;1,2;1,101;0,251;0,154;1,221;1,90;1,86;0,58;0,212;1,102;1,115;1,183;1,171;1,182;0,150;0,226;1,18;1,237;1,240;
166:1,122;1,163;1,57;0,175;0,205;0,70;0,145;1,69;0,60;0,61;0,147;1,166;0,243;0,15;1,245;0,130;1,38;0,215;0,88;0,115;1,55;0,1;
4:0,86;1,212;0,243;1,29;1,55;1,169;0,57;1,142;0,70;0,121;1,82;0,135;1,21;1,20;0,45;1,248;1,230;0,135;0,176;1,225;1,38;1,155;1,199;1,107;1,140;0,169;0,19;0,81;
186:1,171;0,37;0,127;0,19;1,118;1,152;0,116;1,107;1,183;1,67;1,126;1,6;0,103;1,84;0,226;1,39;0,82;0,52;
235:0,73;0,199;0,87;0,81;0,165;0,24;0,211;0,40;1,159;1,144;0,247;0,72;1,149;1,177;1,90;1,67;0,246;0,81;
14:0,38;1,105;0,200;0,150;0,34;1,33;0,197;1,224;0,223;1,69;1,39;1,150;1,228;1,149;0,44;0,246;1,30;0,71;1,45;
2:0,15;0,37;0,57;1,251;0,33;0,109;0,63;1,75;0,9;0,197;1,94;0,117;1,19;1,221;1,221;1,6;0,189;1,117;1,145;0,243;1,118;0,23;
126:1,122;0,63;1,191;0,233;1,230;1,172;1,198;1,231;0,85;0,56;0,248;1,39;0,107;0,7;1,204;1,77;1,181;0,219;1,152;1,215;1,141;0,162;
149:1,163;1,204;0,254;0,190;0,77;0,16;1,170;1,250;1,32;0,30;0,186;1,1;0,130;0,47;0,43;0,244;0,238;0,130;0,109;1,102;1,49;0,231;
213:0,231;1,65;1,218;0,134;0,129;0,8;1,1;1,25;1,169;0,158;0,191;1,92;1,133;1,213;0,168;0,179;1,12;0,67;1,120;0,196;0,177;0,144;0,128;0,241;
180:0,205;1,42;1,121;1,223;0,15;0,137;0,219;1,108;1,158;0,201;1,12;0,143;0,95;0,86;0,83;0,45;0,147;0,237;0,207;1,11;1,40;1,152;0,77;0,123;0,159;1,59;0,185;
23:0,203;0,114;1,208;1,62;1,195;1,120;0,224;1,47;0,159;1,198;0,237;0,139;1,128;1,8;1,236;1,50;0,170;0,15;0,123;0,219;1,98;1,143;1,26;1,169;1,175;1,182;
82:0,174;1,113;0,187;1,176;0,246;1,132;0,74;1,114;1,120;1,218;0,184;0,14;1,106;1,59;0,60;0,83;1,120;1,157;0,34;0,116;
152:0,2;0,255;0,21;0,64;0,30;0,100;0,234;1,87;1,229;1,75;0,237;0,14;0,5;1,37;0,43;1,247;1,143;0,30;1,135;1,182;
96:0,158;1,54;0,208;0,56;0,105;1,184;0,102;0,166;1,188;1,195;0,132;0,123;0,105;0,209;0,197;0,104;1,202;0,99;1,95;1,182;1,137;1,62;1,254;1,105;1,101;1,210;1,97;1,139;
175:1,246;1,53;0,182;1,201;0,204;0,44;0,133;0,158;0,215;1,190;0,171;0,67;1,208;1,73;1,252;0,220;1,90;1,52;1,32;0,175;0,122;0,176;1,141;1,142;1,229;0,53;
46:0,72;0,21;0,178;0,127;1,34;1,185;0,174;1,136;1,118;1,218;0,215;1,79;0,239;0,80;0,65;1,38;0,122;1,144;1,47;0,249;1,202;0,152;0,36;1,92;1,118;1,245;0,138;
58:0,175;0,157;1,84;0,5;0,106;1,176;0,32;1,230;1,167;1,215;0,73;1,173;0,250;1,220;1,41;1,168;0,50;1,121;0,142;0,132;1,199;1,128;1,145;0,86;1,146;1,6;0,76;0,58;
170:0,55;0,181;0,76;1,140;1,103;1,28;1,153;1,98;1,66;0,93;0,231;1,53;0,186;0,117;1,61;0,82;1,85;0,249;1,28;
60:1,249;1,90;1,83;1,193;0,227;1,22;0,7;0,88;1,111;0,226;0,176;0,226;0,151;1,14;0,16;0,252;0,249;0,239;1,20;1,208;1,236;1,191;1,191;
145:0,236;0,245;1,193;1,103;1,100;1,69;1,147;1,66;0,61;0,240;0,222;1,114;0,40;0,109;1,60;0,245;0,198;0,69;0,207;0,8;0,16;1,207;0,212;1,252;0,41;0,60;1,161;1,56;
164:0,59;0,79;1,25;0,78;1,209;1,108;0,119;0,208;1,236;0,196;0,141;0,219;1,143;1,122;0,182;1,7;0,229;1,206;0,174;0,83;0,170;0,87;0,157;1,32;1,107;1,122;1,189;
176:1,65;0,7;1,24;0,56;0,224;1,142;1,11;0,160;1,234;0,24;0,212;1,219;1,53;1,116;0,43;1,173;0,130;0,68;1,176;0,210;0,102;1,200;0,88;1,210;
157:0,183;1,200;0,30;0,43;0,228;0,42;1,151;0,68;1,192;0,4;1,171;1,35;0,186;0,45;0,124;0,251;1,8;0,45;1,149;0,160;1,233;1,19;
72:0,155;0,110;1,98;0,7;0,166;0,58;1,57;1,11;0,247;1,233;1,215;0,125;0,116;1,217;1,157;1,177;0,58;0,44;1,50;0,70;0,14;1,88;1,146;1,81;0,96;
117:0,219;0,15;1,152;1,83;0,33;1,3;1,160;1,95;0,101;1,180;1,206;0,48;0,224;0,202;0,92;1,62;0,213;1,165;1,141;1,23;0,158;1,206;0,58;
188:0,5;0,133;1,148;0,250;0,75;0,137;0,153;1,240;1,137;0,137;1,154;1,88;1,222;1,155;1,91;0,137;0,2;1,30;0,131;1,49;0,183;0,141;0,5;1,215;1,53;1,207;1,125;
18:0,85;1,172;0,37;0,120;1,249;1,250;1,105;1,104;1,230;0,107;0,128;0,181;1,67;0,231;1,75;1,40;1,144;0,164;0,220;1,44;0,32;0,204;1,169;0,236;
20:0,156;0,74;1,49;1,104;0,123;0,48;1,150;0,180;0,139;0,173;1,61;0,176;1,206;1,243;1,237;0,52;0,204;0,147;0,80;0,152;0,162;1,78;0,127;1,130;
30:0,215;1,101;0,212;1,174;0,57;0,235;1,116;0,155;0,198;0,195;1,30;0,27;1,254;0,254;1,124;1,238;1,19;1,10;1,18;1,111;0,124;1,72;1,20;1,163;1,170;
234:1,49;0,237;0,139;0,15;0,126;0,184;0,170;1,111;1,200;0,110;0,245;1,186;1,197;0,60;0,124;1,168;1,151;1,75;0,157;1,251;1,110;1,162;1,59;0,40;
237:1,172;1,88;1,6;0,157;1,243;0,104;1,65;1,174;1,88;1,216;1,21;1,181;1,191;1,148;0,214;0,30;1,77;0,77;1,189;0,146;0,219;1,23;1,134;0,120;
132:1,66;0,15;1,91;0,39;0,150;1,243;1,76;1,41;1,135;1,168;0,67;1,137;1,130;0,229;0,88;1,162;0,80;1,33;1,193;1,217;0,54;
47:1,164;1,12;1,137;1,80;1,30;0,182;1,145;1,182;1,72;1,254;1,207;1,190;1,60;1,190;1,155;1,107;1,40;0,228;1,162;0,148;1,159;0,101;
105:1,178;1,174;0,173;1,193;0,156;1,136;1,250;0,140;0,83;0,237;1,171;0,160;1,27;1,229;0,57;0,5;1,217;1,187;0,17;0,242;1,185;1,244;1,248;0,241;1,87;1,66;1,51;
128:0,65;1,212;1,5;0,206;1,7;0,126;1,174;0,5;0,43;1,147;1,227;0,15;1,122;1,202;1,161;1,208;1,222;1,218;0,228;
189:0,221;0,210;1,18;1,191;1,105;0,229;1,170;1,255;0,105;0,248;0,182;1,208;0,71;1,29;0,129;0,177;0,88;0,164;1,148;1,209;1,118;1,227;
31:0,153;0,27;0,69;1,176;0,109;1,5;0,110;1,92;1,78;1,252;0,207;1,106;1,46;1,215;1,56;0,86;0,27;1,202;0,77;1,89;0,198;1,32;1,228;1,212;0,34;1,59;
194:0,213;1,187;1,34;0,175;1,236;1,3;1,217;1,188;0,17;0,90;1,180;0,234;1,244;0,26;1,236;1,171;0,25;1,155;1,85;0,70;1,201;0,81;1,252;
219:0,67;1,226;1,121;0,143;0,145;1,184;1,227;1,32;1,238;1,65;0,116;1,96;1,205;1,107;0,170;0,228;1,234;0,132;0,24;1,179;
90:1,123;0,78;1,162;1,120;0,217;0,234;0,200;1,39;1,136;0,48;1,46;1,142;1,48;1,122;1,100;0,131;1,164;0,54;0,180;1,189;0,120;0,181;1,64;
193:0,19;0,242;0,194;1,185;0,235;0,42;0,170;1,81;1,227;1,175;0,222;1,139;1,220;0,77;0,35;0,173;0,76;1,59;0,245;0,180;0,198;1,150;1,119;1,148;
44:0,194;0,236;0,143;0,226;0,164;1,117;0,132;0,52;1,250;1,214;1,153;1,81;1,44;0,215;0,233;1,157;1,61;1,54;1,27;1,33;1,109;1,181;1,247;0,17;1,169;
221:1,78;0,180;0,142;0,56;1,65;0,97;0,81;0,236;0,237;1,2;0,20;1,79;1,63;0,222;0,82;0,17;1,34;1,44;
68:1,192;0,128;1,39;0,245;0,197;1,214;0,112;1,206;0,23;1,210;1,35;1,161;1,80;1,67;1,89;1,179;0,251;0,216;1,90;1,251;0,9;1,46;0,62;1,90;0,32;1,115;
84:0,241;1,68;1,250;0,133;1,104;1,149;1,223;1,196;0,39;0,118;0,51;0,183;1,255;0,1;0,105;1,134;0,28;0,251;0,135;1,234;1,209;0,128;0,3;0,47;1,120;
226:0,112;1,239;0,8;1,196;1,110;0,82;1,44;1,132;0,185;0,243;0,168;1,64;0,204;0,37;1,243;1,87;1,209;1,173;0,128;0,110;1,148;0,11;0,219;
248:0,231;0,66;1,181;1,132;1,9;1,102;1,29;0,211;1,31;1,135;1,171;1,7;0,250;1,250;1,204;0,232;1,78;0,108;1,240;0,14;1,181;1,174;0,50;1,226;
147:1,235;1,38;0,199;1,6;0,2;0,46;1,131;0,110;1,39;0,250;0,41;1,95;0,51;0,66;0,142;0,41;1,100;1,144;0,103;0,123;1,147;1,92;0,183;1,247;0,171;1,154;
159:0,45;0,208;0,125;0,40;0,236;1,35;0,91;1,2;1,239;0,92;0,12;1,191;0,151;0,85;0,150;1,55;0,231;1,148;0,146;0,243;0,70;0,162;1,108;
218:0,56;1,15;1,149;1,48;0,79;0,12;0,44;1,17;0,164;0,219;0,157;1,200;0,85;1,101;1,66;0,6;1,50;0,97;1,255;1,174;1,138;1,180;
181:0,156;0,121;0,26;1,102;1,40;0,232;0,195;0,54;0,91;0,235;0,107;0,128;1,40;1,82;1,34;1,5;0,146;1,134;
208:0,76;0,1;0,171;0,127;0,166;1,66;1,209;0,118;1,177;1,96;0,62;1,29;0,189;1,67;1,13;0,180;1,42;0,36;0,249;0,119;
207:1,39;0,183;1,181;0,79;0,2;0,131;1,137;1,85;1,201;0,161;1,7;0,131;1,60;1,242;0,217;1,144;0,218;1,65;0,120;
249:1,126;0,4;1,55;1,209;0,28;1,5;0,114;0,208;1,234;0,206;1,157;1,213;0,195;0,238;0,56;1,11;0,251;0,115;1,233;1,111;1,59;1,148;0,114;1,75;0,249;0,5;1,208;1,25;
231:1,200;0,92;0,75;0,126;0,204;1,121;0,186;0,200;0,45;0,128;0,247;1,102;1,161;1,249;0,224;1,206;0,176;1,134;1,147;0,97;1,139;1,142;1,180;1,155;1,197;0,34;0,87;
53:1,135;0,177;0,11;1,78;1,12;0,71;0,185;0,93;0,42;1,146;0,110;1,150;0,60;0,66;1,187;0,131;0,141;1,235;0,192;
33:0,229;0,252;0,104;0,121;0,139;1,66;0,222;0,146;1,81;0,27;0,93;1,119;1,248;1,122;0,44;1,101;1,231;1,25;1,91;1,72;1,245;1,216;1,235;1,2;
245:0,147;1,211;1,2;0,20;1,242;0,65;1,126;1,187;1,140;1,88;0,30;0,92;0,189;0,134;1,25;1,49;1,222;0,138;0,120;0,62;0,190;0,115;
163:1,50;0,104;0,63;0,17;1,133;0,226;1,91;1,26;0,56;1,36;1,25;1,244;0,94;0,128;1,156;1,170;0,213;1,93;1,169;1,196;
228:1,254;0,225;0,87;1,137;1,45;1,252;0,157;0,9;0,101;1,239;0,241;0,219;1,59;0,176;0,206;0,72;0,111;1,59;1,185;0,106;0,101;0,23;1,175;1,230;
210:0,93;1,135;1,21;1,76;1,149;1,248;1,188;0,88;1,18;0,209;0,101;0,125;0,99;1,142;1,62;1,94;1,196;1,38;1,68;0,79;1,81;0,55;1,231;0,64;0,3;0,128;0,19;
241:0,232;0,71;1,43;0,94;0,144;1,119;0,48;1,45;1,18;0,50;1,153;1,249;0,98;1,6;0,89;0,214;1,53;1,22;1,165;
66:1,208;0,17;1,141;1,103;0,246;1,15;0,30;0,45;1,150;0,162;0,83;0,122;1,58;0,192;1,77;1,112;1,70;0,48;1,47;1,90;1,217;0,193;0,208;0,37;0,105;
97:0,95;0,12;1,54;0,67;0,111;0,124;0,147;1,234;0,97;0,148;0,63;0,19;0,108;1,194;1,95;1,209;1,232;1,21;0,211;1,215;1,69;1,87;1,147;
39:1,174;0,239;1,33;0,143;1,24;0,145;1,16;1,206;1,201;1,80;1,128;0,233;1,241;1,155;0,70;1,81;1,239;0,123;1,18;0,237;1,107;1,113;0,33;1,99;1,130;0,215;0,152;
16:0,243;1,122;0,60;0,142;0,183;1,184;1,88;1,115;0,244;1,98;1,131;1,227;0,220;1,149;0,11;1,100;1,96;0,208;0,253;1,84;0,181;0,179;
148:1,38;0,79;1,203;0,205;0,54;0,248;0,210;0,200;0,28;1,110;0,154;0,1;1,134;1,38;0,124;1,54;0,153;0,24;0,242;0,112;1,50;0,43;1,193;1,223;1,18;1,128;1,3;0,238;
45:1,113;0,87;1,104;0,222;1,194;0,250;1,245;0,23;1,79;0,107;0,61;1,218;0,192;1,87;0,71;1,8;0,38;1,155;0,159;1,3;1,222;0,197;1,137;1,97;1,79;
0:0,251;0,11;1,18;0,7;0,173;1,161;1,83;1,176;1,119;0,32;0,153;0,90;0,244;1,179;1,231;1,38;0,100;1,126;0,66;
223:1,78;1,255;1,200;1,178;0,126;1,87;1,39;0,131;0,15;1,156;0,118;1,118;0,228;0,239;1,8;1,84;0,67;0,114;0,87;1,155;
22:1,163;1,131;1,222;0,90;0,236;0,110;1,39;1,74;0,133;1,81;1,226;0,16;0,135;1,244;0,201;0,206;0,190;0,168;1,249;0,92;
69:1,29;1,158;1,233;0,193;1,179;0,171;1,71;0,167;0,127;1,112;0,112;1,32;1,225;0,44;1,29;0,202;0,191;0,103;0,253;1,149;1,5;1,5;0,103;1,43;0,185;
29:0,245;1,42;0,247;1,214;1,230;1,75;1,232;1,102;1,137;0,198;1,124;1,29;0,242;1,155;1,64;0,101;0,222;1,28;1,241;0,215;1,101;0,143;1,76;1,13;1,35;
115:1,88;0,140;1,237;0,119;1,3;1,183;1,11;1,199;1,234;1,141;0,192;1,83;1,233;0,110;0,176;0,47;1,149;0,192;0,190;1,22;1,172;1,123;0,20;0,203;0,101;1,247;
172:1,39;0,48;0,35;1,113;0,80;1,210;0,58;1,50;0,250;1,224;0,216;0,33;0,176;0,63;0,9;1,193;1,231;1,102;0,207;1,154;0,187;
38:0,67;1,240;1,1;0,132;0,102;1,35;0,46;0,171;1,179;0,25;1,84;1,110;1,187;0,114;1,22;1,203;1,68;0,198;0,195;1,113;0,108;0,128;
182:1,55;0,181;0,149;1,123;0,27;0,92;0,225;0,49;0,109;0,240;0,71;1,46;1,229;1,213;0,168;0,52;1,8;0,74;1,244;1,118;1,165;0,186;1,11;1,40;0,219;
253:1,7;0,5;1,134;1,200;0,251;1,183;0,206;1,211;0,39;0,101;0,34;0,101;1,139;1,170;0,109;1,248;0,102;0,156;0,203;1,39;1,131;0,40;1,81;0,14;1,180;0,251;1,121;0,14;
129:1,157;0,47;1,48;0,151;1,153;0,74;1,38;1,31;1,173;1,68;1,154;1,138;1,118;1,84;0,66;0,35;1,74;0,205;0,249;0,102;0,140;1,216;1,114;1,92;1,172;
100:0,230;0,105;0,66;1,11;0,194;0,25;0,236;0,39;1,163;1,15;0,254;0,121;1,29;0,174;0,99;1,232;1,3;1,129;1,58;1,164;0,128;1,66;
209:1,251;0,53;1,107;0,95;0,117;1,207;1,153;0,168;1,215;1,138;0,155;1,70;1,252;1,143;1,43;0,118;1,252;0,220;0,159;1,102;0,142;0,237;0,249;0,159;0,247;
48:1,15;0,222;0,81;0,15;0,29;0,11;0,62;0,151;1,158;0,166;1,156;1,98;1,28;1,83;0,107;1,62;0,29;1,31;1,108;1,161;1,77;0,142;0,194;0,167;1,161;0,10;0,93;0,2;
222:0,240;1,98;0,196;1,102;1,150;0,198;1,150;0,187;1,42;0,163;0,81;0,215;0,169;0,163;1,193;1,11;1,94;1,37;
71:0,211;1,32;0,35;1,214;0,224;1,89;0,156;0,174;1,86;0,8;1,196;1,71;0,36;1,243;1,130;1,168;1,37;1,101;0,18;0,191;1,108;0,120;0,231;1,3;0,20;1,142;
106:1,81;1,110;1,208;1,249;1,94;0,98;1,142;1,159;1,234;0,2;0,20;1,249;1,67;1,251;1,86;0,100;0,86;0,61;0,112;0,31;1,37;0,221;0,81;0,164;1,35;1,166;
12:0,181;0,120;0,63;1,250;1,61;1,76;1,14;1,188;0,225;1,189;0,172;0,73;0,203;0,214;0,237;1,236;1,68;0,120;1,205;1,227;0,117;
238:0,187;1,111;0,84;0,132;1,206;0,66;0,211;0,71;1,250;1,201;0,156;1,135;0,100;0,139;0,6;1,60;0,141;0,233;1,204;1,38;
42:0,13;1,86;1,30;0,11;0,11;0,135;0,242;0,126;0,81;0,184;0,199;1,107;0,250;1,130;0,38;0,105;1,174;0,2;0,105;1,171;0,245;0,233;1,6;0,115;1,56;0,104;1,73;0,22;
171:1,192;0,151;1,238;0,117;0,77;1,199;0,152;1,255;1,116;0,156;1,199;0,73;1,118;1,56;1,149;1,179;1,228;1,133;1,70;1,57;0,244;1,182;
43:1,52;0,248;1,47;1,187;1,197;1,127;1,237;0,26;0,222;0,125;1,189;0,103;0,151;1,120;0,204;1,18;1,88;1,5;0,51;0,69;0,244;0,33;1,29;0,235;1,13;1,99;1,161;
27:1,99;0,26;0,101;0,100;0,163;1,113;1,80;0,199;0,213;0,248;0,78;1,172;1,50;1,114;0,220;0,160;1,115;0,56;1,239;0,106;0,121;0,183;1,201;
195:0,98;1,55;0,36;0,40;1,252;0,223;0,23;1,196;0,122;0,191;1,17;0,137;1,150;1,254;1,121;0,68;0,74;1,75;1,3;0,130;1,66;0,138;0,188;1,182;0,86;0,235;
107:0,49;1,155;1,55;0,87;0,87;1,37;0,124;1,69;0,23;1,233;1,9;1,231;0,69;1,46;0,140;0,245;0,140;0,243;0,225;0,232;0,54;0,198;0,38;0,172;0,245;0,90;
203:1,90;1,255;0,29;0,178;0,29;1,58;1,41;1,57;0,44;0,132;0,31;1,31;0,213;1,191;0,44;0,15;1,153;1,128;1,249;
94:0,116;0,70;1,39;1,214;1,218;1,208;1,171;0,139;1,200;0,69;1,110;0,28;0,92;0,76;1,217;0,53;0,151;1,101;1,220;1,103;0,193;
243:1,97;0,252;0,69;0,37;1,202;0,41;0,131;0,41;0,145;0,125;0,111;0,220;0,63;0,46;0,24;0,5;0,4;0,167;1,7;0,236;1,186;0,16;0,72;0,176;0,151;0,175;0,193;
179:0,77;1,101;1,208;1,53;1,131;0,135;0,210;1,15;0,54;1,1;0,90;0,69;1,113;1,193;1,107;0,94;1,193;1,242;0,142;0,199;0,186;1,190;
83:1,20;1,92;0,33;1,109;0,8;1,25;1,15;1,110;1,194;0,234;1,40;1,32;0,225;0,91;0,33;1,143;0,198;1,10;
204:1,162;1,61;1,2;1,209;1,147;0,115;1,199;1,42;1,22;1,42;1,3;1,29;0,33;1,211;1,136;0,153;1,88;1,159;0,117;0,154;
214:0,118;1,61;0,221;0,213;1,96;0,236;1,151;1,22;1,39;1,67;0,43;0,119;0,123;0,38;0,192;0,56;0,40;1,203;0,232;0,103;0,79;0,127;0,201;0,232;1,14;
7:0,195;0,186;0,215;1,189;0,187;1,26;1,237;1,76;1,209;0,219;1,17;1,64;0,220;0,185;0,23;1,145;0,114;1,10;0,141;0,35;0,212;0,224;0,19;1,60;0,238;1,245;0,213;
198:0,181;1,116;0,92;0,242;1,107;1,133;0,220;1,227;1,236;0,105;0,178;1,192;0,237;1,157;1,138;1,238;1,115;1,230;
112:1,135;0,4;1,146;0,45;0,233;1,192;1,171;1,183;0,149;0,239;1,194;0,173;1,171;1,235;0,138;0,6;1,33;0,180;0,180;1,210;0,66;1,65;0,68;
135:0,193;1,13;1,45;1,203;1,236;0,124;0,82;1,11;1,192;0,136;1,130;1,67;1,224;0,52;1,64;0,41;1,137;1,138;
32:1,133;0,234;0,204;1,48;1,21;1,74;0,90;1,62;1,244;0,177;0,100;1,145;1,43;1,133;1,185;0,205;0,107;1,236;1,173;1,189;1,48;0,246;1,239;1,205;
133:1,172;0,211;0,7;1,188;1,74;0,197;0,152;0,107;1,232;0,55;0,53;0,85;0,82;1,45;1,50;0,216;0,95;0,168;1,168;1,235;1,164;1,155;1,71;
173:0,98;0,152;0,186;0,174;0,56;0,166;0,91;0,36;0,90;0,166;1,240;0,164;0,115;0,171;0,170;0,7;0,231;0,143;0,235;1,144;
131:0,162;1,22;0,183;0,222;1,10;0,108;0,190;1,234;1,87;0,245;1,21;1,245;1,79;0,65;1,175;0,58;1,241;0,143;0,17;0,252;
130:0,146;1,234;0,72;1,68;1,95;1,52;1,228;0,45;1,134;1,196;1,197;0,218;0,15;0,198;0,253;1,170;1,199;0,208;1,74;1,243;1,193;1,222;0,111;1,2;0,182;1,247;
21:1,3;1,28;0,21;1,241;1,61;0,152;1,53;0,59;1,3;1,89;1,58;0,61;1,129;1,225;1,71;1,112;1,74;1,46;1,144;1,34;0,211;0,82;0,65;1,124;
162:0,14;0,69;0,133;1,201;1,148;1,28;0,9;0,152;0,38;1,255;1,131;0,156;0,234;0,108;1,121;1,47;1,89;0,58;0,235;0,127;0,231;0,133;1,255;
65:1,61;1,203;0,99;1,23;0,95;1,98;1,89;1,27;1,18;1,1;0,156;1,201;1,94;0,122;0,15;0,120;0,150;0,46;0,167;0,42;
250:1,126;1,54;0,219;1,31;0,13;1,77;1,238;1,203;0,70;0,152;1,28;1,121;0,157;0,157;0,99;1,154;1,10;1,245;1,37;0,100;0,126;1,149;1,218;1,48;0,41;1,45;1,22;
17:1,15;1,34;0,77;0,146;0,187;1,220;0,113;1,107;1,187;0,158;0,58;1,176;1,99;0,146;1,73;1,82;0,16;1,205;0,101;1,70;0,22;
127:0,74;1,167;0,97;0,78;0,110;0,222;1,89;1,23;1,132;0,18;0,76;0,147;0,24;1,32;0,156;1,219;0,143;0,183;0,111;0,97;0,38;0,140;1,125;1,234;1,250;
240:0,40;1,252;0,251;0,245;1,58;0,225;1,29;0,254;0,247;0,4;0,55;0,145;1,179;1,206;0,176;1,199;1,200;1,132;0,72;0,158;1,71;1,54;0,198;1,55;
236:1,79;1,67;0,162;1,70;0,102;1,254;0,220;0,248;0,120;0,107;1,246;1,196;0,173;0,96;1,249;1,62;0,240;0,28;0,144;0,54;1,12;0,214;0,180;0,152;1,24;
120:1,98;0,150;0,236;1,65;0,232;1,78;1,110;1,216;1,21;0,241;1,155;1,216;1,134;1,47;0,68;1,125;1,8;1,58;0,93;1,135;1,55;1,134;0,194;1,235;1,170;1,243;0,40;
109:0,70;0,1;1,141;0,32;1,124;1,147;0,47;1,230;0,170;0,253;1,215;0,65;0,79;0,215;1,17;0,85;0,233;1,236;0,53;1,245;0,5;1,205;
62:1,210;0,34;0,104;1,109;0,108;0,175;1,215;1,163;1,231;1,33;1,53;1,72;0,191;0,106;0,25;0,244;0,168;0,177;1,200;1,47;1,234;1,122;0,89;0,64;1,75;1,239;
24:1,77;1,72;1,136;1,252;1,216;0,35;1,216;1,235;1,185;0,180;1,252;0,8;1,211;0,44;0,78;1,237;1,135;1,218;1,111;0,220;1,169;0,19;1,19;0,31;0,104;0,89;
119:1,204;0,250;0,131;1,95;1,243;1,124;0,121;0,242;1,218;0,109;1,28;0,54;0,104;0,206;0,252;0,120;0,219;1,51;1,249;1,62;
143:0,158;1,117;0,38;1,21;1,188;1,86;1,78;0,16;1,132;0,245;1,92;1,221;0,255;0,3;1,105;1,140;0,193;0,85;0,79;1,76;1,164;
150:1,99;1,64;0,254;1,151;1,119;0,20;1,77;0,170;0,245;1,243;1,3;1,238;0,188;0,10;1,4;1,109;1,214;0,253;0,25;1,207;1,142;0,28;0,79;1,175;
88:1,232;1,80;0,67;0,255;0,168;1,183;1,121;0,72;1,207;0,163;1,102;0,52;0,61;1,72;0,9;1,23;0,118;0,5;0,58;1,240;0,13;
144:0,150;1,122;0,28;1,141;0,120;1,78;1,185;0,45;0,129;0,205;1,220;1,132;1,48;0,110;0,42;1,230;1,155;1,73;1,28;1,127;1,189;1,90;1,32;1,100;
124:0,228;1,18;0,39;1,206;1,255;1,223;0,58;0,155;0,35;1,68;1,255;1,109;0,177;0,82;0,69;0,249;0,212;1,187;1,225;
51:1,244;1,197;0,20;1,137;0,12;1,103;0,24;1,119;1,109;1,58;1,49;0,87;1,21;0,165;0,235;1,190;1,33;0,234;1,12;
87:1,164;0,58;0,90;0,156;0,180;0,37;1,44;1,19;1,6;0,129;1,213;1,62;1,152;1,179;0,14;1,176;0,182;1,238;1,185;0,120;1,179;1,142;1,244;0,34;1,121;1,190;1,221;1,126;
99:0,149;1,163;1,88;0,131;1,156;1,11;0,205;0,235;0,19;1,22;0,129;1,222;1,253;0,37;0,60;1,6;0,4;0,164;0,234;0,192;1,198;0,62;1,20;0,65;1,68;0,195;
158:0,11;0,52;1,195;1,56;0,85;1,231;1,214;1,184;0,91;1,110;1,93;0,70;1,204;1,248;0,186;1,12;1,198;0,59;0,97;1,230;0,126;1,156;1,136;0,121;0,77;0,109;
3:0,18;0,242;1,145;0,79;1,12;0,69;1,95;1,159;1,51;1,121;1,60;1,35;1,143;0,235;0,202;0,42;0,157;0,30;1,130;1,204;1,70;1,28;0,97;0,81;
92:0,54;1,111;1,153;1,83;0,28;0,117;1,154;1,117;1,120;1,33;0,53;1,199;0,62;1,2;0,167;1,139;0,27;0,8;0,214;1,181;1,201;0,66;0,225;1,5;
74:1,203;1,37;0,213;1,49;0,172;1,182;0,130;1,175;0,126;1,254;1,105;0,161;1,82;0,66;1,66;0,172;1,211;1,15;0,224;1,28;
139:1,130;1,153;1,144;1,244;1,27;0,51;1,181;0,202;1,126;1,35;1,138;1,143;1,173;0,133;0,104;1,220;0,7;0,117;
165:0,238;1,93;1,111;0,136;1,26;1,227;0,7;0,240;1,249;1,173;0,109;1,5;1,33;0,56;0,211;0,175;0,202;0,10;0,242;0,186;1,107;0,4;0,77;
79:1,189;1,81;0,97;0,48;1,162;0,66;0,157;0,127;0,192;1,172;1,128;1,223;1,99;0,94;1,64;0,189;1,93;0,236;1,116;1,128;
174:0,53;0,155;1,4;0,211;1,24;0,131;0,83;1,97;0,105;1,145;1,144;1,22;1,32;0,177;1,196;1,189;1,237;1,88;
49:0,253;1,106;0,92;1,218;1,92;1,91;1,45;0,177;1,135;1,166;0,142;1,101;1,153;1,96;1,202;1,214;1,177;1,212;0,245;0,208;
160:0,165;1,245;0,31;1,188;1,202;0,56;0,64;0,143;1,79;0,14;0,87;0,166;0,63;0,81;0,143;0,68;1,29;1,137;1,153;1,174;0,62;1,226;1,175;0,169;
227:1,114;1,202;1,108;1,126;1,70;1,9;1,73;0,74;0,4;1,46;1,224;1,76;0,9;0,124;1,54;0,177;1,61;1,180;0,253;0,160;1,181;
95:1,32;0,26;1,191;1,62;0,28;0,7;0,155;1,124;0,48;0,16;0,136;1,23;1,145;1,245;1,105;0,23;1,119;0,83;1,211;1,217;1,124;0,217;0,80;0,173;
116:0,151;0,225;0,70;0,171;0,160;0,97;0,112;1,133;0,28;1,245;0,139;1,185;0,178;0,196;1,66;0,43;1,231;0,106;0,167;1,169;0,42;1,1;0,62;
177:0,38;1,40;1,75;0,155;0,53;0,173;1,69;1,110;0,51;0,1;1,208;0,241;0,145;1,194;1,111;0,200;0,169;0,247;0,160;1,65;1,42;
202:1,76;1,35;0,137;0,77;0,45;0,52;0,128;1,134;1,110;0,101;1,212;0,240;0,112;0,180;1,215;1,12;0,156;1,103;0,205;1,148;0,73;0,83;1,127;0,154;0,38;1,5;1,27;
11:0,107;0,10;0,25;0,58;1,12;0,162;1,176;0,90;1,94;0,33;1,174;0,40;0,29;1,148;1,195;1,184;0,38;0,180;
13:1,34;1,212;1,216;0,44;0,13;1,148;1,40;0,135;0,124;1,123;1,153;0,150;0,80;1,127;1,232;0,244;0,78;1,138;0,86;1,113;1,97;1,93;0,20;
67:1,99;1,221;1,223;1,190;1,105;1,228;0,167;0,47;1,227;1,220;0,170;0,12;0,84;0,4;1,250;1,7;0,92;1,187;
151:0,245;1,164;1,182;1,194;1,140;1,158;1,3;1,76;1,194;0,41;0,229;0,88;1,46;0,105;0,175;0,188;1,113;1,131;1,203;0,108;1,174;1,173;0,188;1,48;0,218;1,3;1,93;
101:0,174;1,12;0,213;1,44;0,81;1,58;0,41;1,195;1,125;0,119;1,4;0,92;0,149;0,68;0,20;0,186;0,209;1,191;1,44;0,12;0,3;0,141;0,240;
89:0,188;1,42;0,130;1,205;1,224;0,22;0,33;0,217;1,26;1,44;1,109;1,117;1,222;1,139;0,23;0,92;1,223;1,83;0,58;1,102;0,87;0,140;
138:0,70;0,139;0,150;0,162;0,103;1,172;1,198;0,200;1,104;1,46;0,145;0,161;0,113;1,71;0,157;0,212;0,28;1,129;0,79;0,61;
197:1,46;0,138;1,73;0,112;1,253;1,41;1,100;1,153;1,20;1,114;0,74;1,246;1,164;0,162;0,98;1,100;0,226;1,32;1,99;0,146;
233:1,171;1,140;0,96;1,70;1,135;0,211;0,222;1,132;1,123;1,24;1,140;0,176;1,173;0,86;0,17;0,84;1,216;0,211;0,112;0,234;1,111;1,8;
19:1,12;1,175;0,166;0,72;1,123;1,40;1,221;0,121;0,222;1,137;1,175;1,69;0,82;0,181;1,224;1,241;1,223;1,9;
251:1,58;0,121;1,219;0,173;0,204;1,214;1,210;1,195;1,57;0,172;1,40;1,58;1,79;1,43;0,183;1,83;1,217;0,49;1,236;0,88;1,158;0,243;0,11;0,144;0,161;0,17;0,235;
247:0,143;1,47;0,224;0,206;1,176;1,84;1,76;0,87;0,247;1,117;1,62;0,110;1,51;0,113;0,253;1,1;0,241;0,238;
36:0,180;0,3;0,215;0,178;0,186;0,50;1,47;1,210;0,244;1,135;1,205;0,255;0,174;0,237;1,51;1,195;1,13;1,12;1,39;0,82;1,2;0,194;1,37;
103:1,49;1,123;1,219;0,177;1,62;0,187;0,9;0,59;1,172;1,160;0,227;0,102;1,194;0,5;0,23;1,46;0,181;1,93;0,244;1,161;0,97;0,132;0,203;1,133;1,182;1,151;1,198;
192:0,233;1,154;1,95;1,247;1,110;0,88;0,98;0,30;0,3;1,5;1,154;1,179;1,255;1,11;1,122;0,184;0,185;1,19;0,28;0,225;1,176;0,23;1,46;1,23;0,234;1,8;
50:0,35;1,87;0,225;0,23;1,73;1,115;1,155;1,11;0,238;0,254;1,207;0,31;1,202;1,68;0,187;0,176;1,100;0,39;0,13;1,215;1,250;1,208;0,222;0,100;
81:1,182;0,100;1,119;0,135;1,153;0,164;0,232;1,204;0,219;0,225;1,51;1,4;0,148;0,147;1,187;1,157;1,179;1,82;0,107;
80:0,115;0,73;1,142;0,211;1,217;0,124;0,29;0,221;0,71;0,120;1,185;1,38;0,210;1,14;0,73;1,39;1,185;0,133;
75:0,28;0,8;1,148;0,124;0,26;0,147;1,185;0,186;0,179;1,159;0,75;0,115;1,3;1,64;1,185;1,254;1,23;1,59;0,172;0,135;0,162;
196:0,10;1,81;1,200;0,131;1,179;0,110;0,240;0,46;1,147;0,239;1,136;1,240;0,150;0,216;1,193;1,176;0,96;1,101;
70:0,105;1,89;1,88;0,112;1,186;1,98;0,124;1,9;1,26;1,64;0,66;0,99;1,119;0,20;0,15;1,118;0,184;0,69;0,66;1,186;1,44;1,59;0,40;1,34;1,176;
255:0,24;0,201;0,243;1,17;0,137;0,149;1,254;1,28;1,216;1,127;1,130;1,99;0,245;1,205;0,155;0,118;1,139;0,28;1,142;1,111;
155:1,173;0,240;0,139;0,221;0,39;0,199;1,143;0,168;0,187;1,27;1,127;1,240;0,183;1,146;0,144;0,65;0,204;1,4;0,178;0,37;1,71;
184:0,95;0,239;1,130;1,204;0,58;0,55;0,2;1,195;1,169;1,32;1,231;0,251;1,29;1,146;0,200;0,166;0,17;0,84;1,95;0,23;1,245;0,136;1,194;1,255;0,173;1,113;1,8;
104:1,118;1,50;1,182;0,196;0,128;1,45;1,179;0,42;0,59;1,59;1,79;0,66;1,65;0,208;1,98;1,22;0,242;1,166;0,137;1,96;
246:0,32;0,113;1,38;0,253;0,97;1,251;0,183;1,205;1,16;0,217;1,169;1,9;0,130;1,195;1,114;0,19;1,164;1,243;0,83;1,145;1,119;0,54;
40:1,63;0,124;1,137;1,157;0,185;1,51;0,122;1,48;1,10;0,85;0,193;0,25;0,141;0,90;1,51;0,104;0,132;1,99;1,51;1,118;1,207;1,208;0,162;1,58;0,70;
252:0,24;0,49;0,1;0,76;0,158;0,111;0,28;1,49;0,148;0,214;1,241;1,72;0,170;0,108;1,123;1,69;1,176;1,14;1,120;1,185;1,116;1,73;0,207;1,3;1,53;1,186;
168:0,172;1,118;0,168;1,3;1,75;0,142;0,241;0,20;0,219;1,7;0,49;1,218;0,65;1,220;0,136;1,115;0,105;1,15;0,101;0,1;0,105;1,248;
57:1,238;0,235;0,137;0,18;0,95;1,169;0,245;1,22;1,36;1,4;0,124;1,13;0,35;1,64;1,216;1,197;0,111;1,228;0,23;0,220;
34:0,116;0,60;0,111;1,211;1,4;1,229;0,88;1,142;0,224;1,101;0,176;1,230;0,224;0,22;1,54;1,168;1,117;1,73;1,241;0,207;0,21;1,140;1,49;1,164;1,124;
216:0,14;0,62;0,165;0,154;0,58;1,228;1,200;1,11;1,7;1,63;1,10;0,98;1,26;1,158;0,144;1,82;1,190;1,229;0,176;1,91;1,131;1,47;
201:0,125;1,235;1,170;0,14;1,50;1,146;1,34;0,47;1,56;0,86;1,65;1,244;1,138;1,226;1,162;0,49;1,255;0,124;0,167;
244:1,141;0,140;0,252;0,6;1,1;0,117;0,193;1,126;0,93;1,232;0,193;1,49;1,232;1,239;1,87;0,70;0,37;1,123;1,8;1,103;0,73;1,193;1,74;1,180;1,62;
200:0,118;1,95;0,231;1,231;0,225;0,51;0,109;0,150;1,82;1,26;0,18;1,40;0,141;0,234;0,75;1,79;1,84;1,51;0,226;0,238;0,18;0,233;1,39;0,188;1,22;1,234;1,215;
