18 54 1 213 1 1
0 0 1
0 1 1
0 2 1
0 3 1
0 4 1
0 5 1
0 6 1
0 7 1
0 8 1
0 9 1
0 10 1
0 11 1
0 12 1
0 13 1
0 14 1
0 15 1
0 16 1
0 17 1
0 18 1
0 19 1
0 20 1
0 21 1
0 22 1
0 23 1
0 24 1
0 25 1
0 26 1
0 27 1
0 28 1
0 29 1
0 30 1
0 31 1
0 32 1
0 33 1
0 34 1
0 35 1
0 36 1
0 37 1
0 38 1
0 39 1
0 40 1
0 41 1
0 42 1
0 43 1
0 44 1
0 45 1
0 46 1
0 47 1
0 48 1
0 49 1
0 50 1
0 51 1
0 52 1
0 53 1
1 0 1
1 53 1
2 0 1
2 53 1
3 0 1
3 53 1
4 0 1
4 39 1
4 40 1
4 41 1
4 45 1
4 46 1
4 47 1
4 53 1
5 0 1
5 38 1
5 40 3
5 41 3
5 42 1
5 43 1
5 44 1
5 45 3
5 46 3
5 47 3
5 48 1
5 49 1
5 53 1
6 0 1
6 36 5 1
6 37 4 0
6 40 1
6 43 1
6 46 1
6 48 3
6 49 3
6 50 1
6 53 1
7 0 1
7 36 1
7 37 1
7 38 1
7 39 1
7 40 1
7 41 1
7 42 3
7 43 3
7 44 3
7 45 1
7 46 1
7 47 1
7 48 1
7 50 1
7 53 1
8 0 1
8 35 1
8 36 3
8 37 3
8 38 3
8 39 1
8 40 1
8 41 3
8 42 3
8 43 1
8 44 3
8 45 3
8 46 1
8 47 1
8 48 3
8 50 3
8 51 1
8 53 1
9 0 1
9 35 1
9 36 3
9 37 1
9 39 3
9 40 3
9 41 3
9 42 1
9 43 1
9 44 1
9 45 3
9 46 3
9 47 3
9 49 1
9 51 1
9 53 1
10 0 1
10 35 1
10 36 3
10 38 3
10 39 1
10 40 1
10 41 3
10 42 3
10 43 1
10 44 3
10 45 3
10 46 1
10 47 1
10 48 3
10 50 3
10 51 1
10 53 1
11 0 1
11 36 1
11 38 1
11 39 1
11 40 1
11 41 1
11 42 3
11 43 3
11 44 3
11 45 1
11 46 1
11 47 1
11 48 1
11 50 1
11 53 1
12 0 1
12 36 1
12 37 3
12 38 3
12 40 1
12 43 1
12 46 1
12 48 3
12 49 3
12 50 1
12 53 1
13 0 1
13 37 1
13 38 1
13 39 3
13 40 3
13 41 3
13 42 1
13 43 1
13 44 1
13 45 3
13 46 3
13 47 3
13 48 1
13 49 1
13 53 1
14 0 1
14 39 1
14 40 1
14 41 1
14 45 1
14 46 1
14 47 1
14 53 1
15 0 1
15 53 1
16 0 1
16 53 1
17 0 1
17 53 1
