36 54 2 95 17 35
17 0 1
17 53 1
18 0 1
18 53 1
19 0 1
19 53 1
20 0 1
20 53 1
21 0 1
21 53 1
22 0 1
22 53 1
23 0 1
23 53 1
24 0 1
24 53 1
25 0 1
25 53 1
26 0 1
26 53 1
27 0 1
27 53 1
28 0 1
28 53 1
29 0 1
29 53 1
30 0 1
30 53 1
31 0 1
31 53 1
32 0 1
32 2 6 0
32 53 1
33 0 1
33 1 4 0
33 2 7 1
33 53 1
34 0 1
34 1 5 1
34 2 7 2
34 53 1
35 0 1
35 1 1
35 2 1
35 3 1
35 4 1
35 5 1
35 6 1
35 7 1
35 8 1
35 9 1
35 10 1
35 11 1
35 12 1
35 13 1
35 14 1
35 15 1
35 16 1
35 17 1
35 18 1
35 19 1
35 20 1
35 21 1
35 22 1
35 23 1
35 24 1
35 25 1
35 26 1
35 27 1
35 28 1
35 29 1
35 30 1
35 31 1
35 32 1
35 33 1
35 34 1
35 35 1
35 36 1
35 37 1
35 38 1
35 39 1
35 40 1
35 41 1
35 42 1
35 43 1
35 44 1
35 45 1
35 46 1
35 47 1
35 48 1
35 49 1
35 50 1
35 51 1
35 52 1
35 53 1
