9 24 3 93 1 4
0 0 1
0 1 1
0 2 1
0 3 1
0 4 1
0 5 1
0 6 1
0 7 1
0 8 1
0 9 1
0 10 1
0 11 1
0 12 1
0 13 1
0 14 1
0 15 1
0 16 1
0 17 1
0 18 1
0 19 1
0 20 1
0 21 1
0 22 1
0 23 1
1 0 1
1 23 1
2 0 1
2 23 1
3 0 1
3 23 1
4 0 1
4 9 1
4 10 1
4 11 1
4 12 1
4 13 1
4 14 1
4 15 1
4 16 1
4 17 1
4 19 1
4 23 1
5 0 1
5 6 1
5 7 1
5 9 1
5 12 1
5 13 1
5 17 1
5 18 1
5 21 1
5 23 1
6 0 1
6 5 1
6 6 3
6 7 5 4
6 8 1
6 9 1
6 14 6 0
6 19 8 0
6 20 1
6 23 1
7 0 1
7 5 1
7 7 5 3
7 8 5 2
7 9 5 1
7 10 4 0
7 12 1
7 13 1
7 14 7 1
7 15 7 2
7 16 7 3
7 17 1
7 18 1
7 19 1
7 20 1
7 23 1
8 0 1
8 5 1
8 6 1
8 7 1
8 8 1
8 9 1
8 10 1
8 11 1
8 12 1
8 13 1
8 14 1
8 15 1
8 16 1
8 17 1
8 23 1
